*Anti-Spam Virtex v2*

01010101010101010101010101010101010101010101010101010
01010101010101010101010101010101010101010101010101010
01010101010101010101010101010101010101010101010101010
01010101010101010101010101010101010101010101010101010
01010101010101010101010101010101010101010101010101010
01010101010101010101010101010101010101010101010101010
01010101010101010101010101010101010101010101010101010
01010101010101010101010101010101010101010101010101010
01010101010101010101010101010101010101010101010101010
01010101010101010101010101010101010101010101010101010
01010101010101010101010101010101010101010101010101010
01010101010101010101010101010101010101010101010101010
01010101010101010101010101010101010101010101010101010
01010101010101010101010101010101010101010101010101010
01010101010101010101010101010101010101010101010101010
01010101010101010101010101010101010101010101010101010
01010101010101010101010101010101010101010101010101010

https://github.com/O7zSO31IVg/anti-virtex
